16 6
31 0
17 0
28 0
24 1
15 6
25 19
6 12
2 19
40 7
18 6
27 6
44 16
21 0
42 19
13 11
30 19
35 16
39 2
27 2
10 16
29 2
15 2
42 0
32 6
-1 -1
19 8
20 4
29 1
9 0
36 2
21 9
7 6
21 8
-1 -1
-1 -1
34 2
41 8
19 0
13 2
30 12
23 6
1 7
42 7
6 7
10 2
12 8
41 9
5 1
37 0
36 12
26 11
4 19
31 7
3 11
28 8
44 19
25 2
14 8
-1 -1
39 1
29 16
3 2
22 6
0 2
5 2
39 9
18 2
0 6
39 19
38 7
8 12
39 6
14 7
10 19
18 9
33 16
37 19
32 9
1 19
12 19
38 2
4 0
34 8
32 19
3 12
17 2
43 2
32 16
22 2
9 5
40 2
36 16
42 8
19 11
11 0
37 2
34 9
43 7
1 16
3 4
29 7
27 16
7 19
0 5
39 11
31 2
20 16
27 19
37 8
44 11
42 2
0 7
23 19
29 8
19 16
29 11
11 2
0 19
4 2
17 16
3 19
10 6
36 11
33 2
4 7
22 1
11 8
22 16
13 0
30 7
39 16
15 9
23 2
25 9
21 6
6 5
38 16
38 19
27 11
24 16
23 16
10 5
-1 -1
4 8
2 2
25 11
31 16
23 8
38 6
4 11
8 7
16 19
6 11
5 16
7 2
30 2
44 8
29 19
11 4
5 8
27 8
24 7
12 16
24 2
9 2
28 7
14 0
18 19
16 8
19 2
2 8
33 19
41 2
5 19
41 12
12 2
16 10
28 16
20 11
34 19
9 6
1 2
18 5
19 12
22 4
20 5
41 10
33 8
13 8
25 7
11 10
35 8
6 19
13 19
2 0
21 16
10 4
13 16
39 4
