2 10
5 18
19 0
33 11
0 13
3 2
20 4
20 11
21 5
17 6
21 18
37 13
20 0
33 14
-1 -1
16 18
28 3
17 0
44 2
32 13
19 12
5 8
30 13
5 0
9 1
29 16
9 0
13 0
21 16
42 11
29 14
41 14
-1 -1
9 13
7 13
7 7
14 0
37 1
27 4
33 7
31 1
30 1
39 2
21 8
34 16
12 0
3 8
35 1
23 15
-1 -1
2 16
26 12
22 11
38 15
14 11
-1 -1
19 15
40 17
19 9
20 1
12 7
-1 -1
-1 -1
3 18
1 17
28 10
38 10
24 1
20 6
42 9
20 12
13 14
1 16
42 13
22 17
43 10
42 16
9 15
24 16
30 9
36 8
4 15
40 0
42 1
40 8
35 14
34 0
7 16
41 1
38 0
-1 -1
16 0
11 3
9 6
29 6
29 0
34 14
20 2
21 1
0 11
12 6
26 16
24 0
24 4
9 9
10 10
40 1
14 9
36 6
31 15
43 17
38 16
33 6
-1 -1
-1 -1
23 2
-1 -1
34 1
35 12
19 16
-1 -1
3 0
33 8
39 4
-1 -1
33 1
33 16
4 18
23 10
12 16
17 11
-1 -1
14 19
36 10
43 1
-1 -1
21 6
39 3
25 0
41 13
39 12
-1 -1
32 16
22 4
37 17
-1 -1
-1 -1
23 16
19 11
40 14
16 13
7 0
27 1
16 15
5 16
22 3
15 7
7 3
2 11
11 8
32 1
6 16
28 1
13 7
13 17
36 18
36 0
18 7
8 16
-1 -1
29 7
30 15
18 0
39 11
29 1
28 13
13 6
40 6
6 11
35 17
11 2
38 6
7 11
17 1
26 11
19 6
39 1
1 7
4 1
44 1
43 12
31 2
12 1
-1 -1
29 18
40 16
41 6
12 3
1 1
-1 -1
4 7
15 1
32 7
42 0
16 14
32 6
22 12
31 6
16 6
27 15
18 9
10 19
34 10
16 12
37 0
6 6
10 11
8 12
26 14
41 16
5 6
43 13
11 11
-1 -1
22 1
31 9
0 3
28 16
27 8
43 11
-1 -1
25 6
-1 -1
21 15
16 2
25 11
44 11
4 11
38 13
-1 -1
16 9
10 1
5 13
8 9
8 4
32 0
20 16
2 0
32 18
22 14
13 16
38 17
3 1
6 18
0 0
34 6
22 13
7 6
16 11
38 9
44 5
36 19
44 9
31 0
5 1
44 6
4 0
36 11
13 15
28 8
27 13
0 16
30 8
39 14
22 0
15 2
37 9
38 1
13 11
25 8
0 10
18 12
37 11
26 0
22 5
18 10
32 11
27 17
7 2
7 9
10 6
-1 -1
39 19
13 1
11 1
31 11
43 7
8 0
19 10
5 3
33 0
23 18
18 1
44 0
21 0
27 16
25 1
15 14
36 14
23 0
10 15
23 1
30 7
-1 -1
31 17
22 6
37 16
1 0
1 13
13 13
0 6
12 11
26 6
29 13
30 17
43 6
42 17
44 16
24 15
5 2
43 0
1 3
16 10
-1 -1
6 7
36 13
0 8
1 11
36 1
25 3
25 16
11 10
6 8
25 13
6 9
33 10
39 16
18 16
0 1
15 0
35 7
43 16
1 8
37 8
-1 -1
-1 -1
1 14
44 7
-1 -1
24 6
15 10
31 7
27 0
11 15
14 16
2 6
22 10
7 1
16 1
40 11
14 13
26 1
10 0
25 14
1 12
17 8
41 5
15 9
14 2
23 6
2 12
13 3
2 13
2 14
21 11
10 8
-1 -1
22 16
6 14
25 15
37 4
35 15
41 0
15 15
42 3
28 11
38 14
3 11
3 16
28 0
