18 1
36 14
42 13
39 15
9 3
16 1
4 8
40 4
7 5
26 10
27 9
6 12
23 12
-1 -1
13 13
30 8
4 13
3 3
21 12
14 19
40 12
20 0
41 13
28 11
6 5
26 17
36 17
27 19
5 11
31 3
44 17
38 15
23 19
32 13
1 9
8 17
44 10
36 13
43 18
25 8
3 19
28 13
14 0
18 17
25 17
39 3
33 1
-1 -1
15 15
34 12
2 12
21 3
13 16
1 4
38 19
16 9
29 10
43 1
15 14
0 15
27 18
32 14
8 3
12 3
18 8
26 11
21 10
24 19
29 13
20 19
26 8
34 18
-1 -1
5 10
39 1
15 19
35 19
44 12
19 10
7 0
42 10
8 8
22 16
12 18
21 13
9 17
19 8
-1 -1
6 10
41 19
23 9
29 3
19 19
8 14
41 15
29 7
22 15
15 1
40 11
33 9
14 15
38 13
19 13
10 0
26 19
43 16
25 12
36 9
12 10
27 14
32 3
19 18
30 10
0 8
38 12
35 10
14 16
33 19
1 16
1 13
10 12
3 13
41 9
25 5
30 9
17 5
40 15
36 11
35 8
44 18
24 14
20 15
15 11
10 9
13 19
37 8
18 7
21 14
33 8
2 18
5 6
16 3
12 15
6 8
23 4
34 9
14 10
38 10
28 12
7 6
13 10
9 7
22 19
0 10
42 9
17 9
27 5
3 9
20 12
35 6
37 18
19 15
11 8
29 16
4 12
-1 -1
22 10
8 10
36 7
4 19
11 10
11 19
31 12
39 17
7 9
22 6
21 16
11 2
5 0
16 5
40 10
31 11
1 19
41 12
15 16
37 14
31 10
39 8
34 10
32 1
10 10
38 3
0 16
2 19
43 6
42 1
3 6
29 12
-1 -1
1 15
