24 1
10 3
0 6
1 5
16 5
44 15
36 1
19 16
37 5
9 3
13 13
4 6
38 8
41 17
0 19
10 16
28 5
33 11
6 2
24 5
30 8
9 19
32 3
2 11
14 5
39 5
27 7
21 19
18 13
32 9
4 5
33 5
0 3
41 15
36 19
11 17
21 1
9 5
32 15
16 1
43 15
13 6
43 16
39 13
15 7
15 17
22 16
33 3
12 17
21 13
26 15
40 16
19 5
43 11
36 16
12 15
11 13
23 1
42 13
20 16
18 1
24 14
28 13
4 15
6 5
40 18
30 10
27 11
28 15
29 5
20 5
14 15
29 7
11 2
41 19
4 4
41 3
16 13
19 3
18 19
41 4
44 17
22 5
18 18
40 2
5 3
29 13
31 13
18 11
21 15
43 5
36 0
-1 -1
25 5
27 18
5 1
5 19
7 5
42 17
5 15
37 7
27 3
-1 -1
14 1
10 13
27 15
1 16
20 13
21 5
23 13
6 17
27 19
13 5
31 7
-1 -1
23 0
42 5
24 11
14 17
25 1
40 15
4 19
13 0
30 5
44 11
39 17
37 1
19 17
16 7
29 3
38 5
22 11
33 15
4 17
40 19
13 1
23 6
29 17
4 0
9 0
41 1
2 5
2 2
34 15
1 2
37 2
10 1
38 17
-1 -1
11 18
30 17
-1 -1
23 5
44 19
32 7
19 10
8 5
12 6
20 19
12 5
-1 -1
16 17
39 6
11 19
5 5
18 0
29 0
24 13
32 16
18 6
27 5
12 19
40 6
1 8
32 5
41 5
38 7
32 17
17 15
38 16
23 7
25 16
10 17
7 17
0 16
35 16
38 18
36 5
28 3
21 2
3 16
34 11
33 1
3 1
3 15
0 5
-1 -1
44 1
15 5
35 7
