42 4
21 0
14 6
7 2
38 8
1 0
12 8
31 5
24 0
31 7
26 2
1 3
21 2
10 2
39 4
4 5
2 3
16 5
3 4
-1 -1
4 8
36 0
9 4
0 5
30 3
21 5
25 0
7 6
24 3
8 2
37 7
37 0
28 7
31 3
29 8
29 3
3 7
10 5
20 2
36 4
14 9
11 5
19 9
37 1
10 7
12 4
16 0
7 8
30 7
14 4
44 3
-1 -1
16 3
36 7
33 2
35 5
17 9
34 0
30 5
15 7
35 8
43 4
3 3
16 8
2 7
13 8
34 8
0 8
28 8
32 6
2 8
23 2
34 4
22 1
39 0
27 9
20 0
9 0
27 2
4 2
12 5
40 7
44 8
32 8
18 3
3 0
5 0
13 7
38 5
16 9
38 3
-1 -1
0 9
8 0
33 1
27 5
27 7
22 0
11 9
29 0
19 0
8 5
35 3
6 9
28 3
9 9
14 8
24 8
23 6
13 5
42 5
6 3
37 4
21 8
9 7
41 7
30 8
1 2
11 4
10 8
31 0
33 7
27 8
-1 -1
40 9
33 0
17 8
5 2
18 5
3 8
43 2
13 2
4 9
28 9
40 5
23 8
15 8
44 5
7 3
25 5
11 8
4 3
15 0
25 9
19 3
41 5
6 8
43 9
8 3
14 2
-1 -1
18 8
-1 -1
19 5
17 6
32 0
13 3
23 5
20 6
26 8
5 3
42 0
41 3
44 0
14 5
36 2
33 8
36 8
37 9
29 7
38 2
41 8
-1 -1
24 5
39 3
30 9
10 3
14 7
42 8
2 5
39 5
9 8
41 9
43 8
5 4
25 1
26 4
1 5
15 5
24 4
32 4
20 8
7 7
19 7
22 5
32 9
12 0
5 5
22 9
21 9
