13 3
40 14
22 15
0 5
26 5
19 16
43 15
33 8
44 12
37 9
17 5
-1 -1
12 12
13 17
30 17
40 9
-1 -1
38 0
17 19
36 8
35 13
34 5
6 9
39 16
38 11
1 4
15 2
-1 -1
34 9
23 15
20 9
9 11
1 6
39 14
18 5
31 8
35 8
0 17
14 12
6 17
30 12
22 17
40 11
41 18
8 14
-1 -1
9 2
22 8
1 7
28 5
34 8
4 12
-1 -1
19 9
16 7
37 0
12 5
28 10
4 11
44 0
35 9
25 10
39 1
16 5
21 19
30 0
4 5
-1 -1
9 3
22 5
-1 -1
40 13
17 8
33 10
2 5
3 8
26 14
23 5
14 5
33 13
44 2
35 7
-1 -1
5 5
0 16
43 11
2 6
2 3
42 0
42 5
3 6
13 5
5 7
14 8
27 7
25 11
28 13
23 3
10 2
16 4
-1 -1
32 1
15 0
36 0
2 1
36 14
4 13
29 4
7 2
28 6
30 5
9 13
21 16
41 5
13 15
18 4
38 5
35 2
27 15
36 19
17 9
8 4
25 4
32 6
29 5
-1 -1
31 5
-1 -1
27 13
4 10
42 4
11 1
25 15
2 17
9 19
19 3
0 9
20 2
36 6
41 11
4 3
24 12
3 14
20 8
27 2
21 12
-1 -1
32 9
44 10
44 6
41 9
20 14
-1 -1
14 4
44 9
15 11
28 11
43 0
5 11
31 13
-1 -1
2 19
37 7
7 8
10 17
12 14
16 8
31 2
0 7
19 5
33 7
37 12
24 5
15 5
34 18
5 9
38 17
1 8
8 9
10 8
16 15
20 3
25 19
-1 -1
26 8
-1 -1
41 3
-1 -1
5 8
27 8
11 5
10 9
3 17
29 0
7 7
6 5
13 13
21 7
12 19
11 16
