9 9
38 1
-1 -1
22 7
37 2
0 5
11 7
19 8
32 9
30 7
9 1
7 5
9 3
37 8
5 7
44 8
2 4
38 5
31 0
3 3
10 0
15 6
28 5
8 3
13 3
5 3
0 2
0 1
19 6
34 8
34 6
20 4
40 4
44 5
40 7
19 9
18 2
13 6
28 8
9 5
12 5
4 6
43 2
17 6
1 8
21 7
30 5
19 3
34 7
25 9
21 2
5 8
16 6
28 9
26 4
21 1
37 5
-1 -1
20 7
7 3
3 2
5 5
40 2
0 7
-1 -1
23 3
27 3
27 0
-1 -1
40 5
37 4
-1 -1
7 0
0 4
-1 -1
38 0
34 4
-1 -1
31 3
24 4
37 7
38 8
-1 -1
40 3
20 5
-1 -1
12 8
7 2
8 1
22 4
8 4
24 3
39 7
32 3
33 4
41 9
27 4
36 9
3 7
21 5
44 4
10 1
7 9
14 2
3 0
-1 -1
7 8
20 1
30 0
44 7
10 4
17 0
33 2
0 9
17 4
36 8
12 3
27 5
41 4
36 2
21 4
37 1
14 4
26 5
-1 -1
25 5
15 3
24 6
5 0
25 2
32 7
44 0
1 4
13 5
20 8
42 3
17 7
2 5
34 1
10 8
24 9
24 1
39 8
2 6
27 7
33 3
16 9
23 6
12 7
-1 -1
35 5
15 4
16 8
42 7
33 0
23 5
22 9
9 4
2 8
18 4
22 8
12 4
1 0
10 6
31 7
-1 -1
24 5
26 6
-1 -1
4 8
29 6
2 7
30 4
1 6
-1 -1
33 8
15 1
38 3
19 1
37 9
33 5
19 5
43 6
-1 -1
17 5
15 0
33 6
14 7
9 7
2 0
8 5
38 6
-1 -1
23 4
-1 -1
1 5
23 7
27 1
-1 -1
6 1
34 0
15 5
1 9
44 9
29 8
35 9
-1 -1
8 8
16 3
36 3
14 1
37 3
16 4
9 0
6 7
14 3
14 8
5 2
36 7
25 4
25 8
18 7
13 9
28 4
20 9
26 9
43 9
17 2
35 7
34 9
3 1
23 2
8 9
29 9
16 5
30 8
39 1
40 9
2 3
43 5
21 9
-1 -1
35 0
33 1
17 3
26 1
36 0
27 9
29 3
35 2
22 5
12 0
39 3
8 6
6 6
4 3
38 4
43 1
42 5
42 8
40 6
20 3
36 4
40 0
39 5
29 7
15 9
22 6
11 0
1 7
44 3
0 3
1 3
41 5
6 3
28 6
29 4
15 7
-1 -1
42 9
32 5
18 3
13 8
41 6
19 4
17 9
0 0
3 5
5 4
6 4
38 7
18 9
24 7
7 7
7 6
40 1
14 0
7 4
10 9
14 6
26 3
22 3
9 8
1 2
40 8
42 6
32 0
39 4
-1 -1
22 1
31 2
11 4
-1 -1
30 6
10 3
39 6
32 8
27 6
-1 -1
-1 -1
-1 -1
2 2
3 6
5 9
43 3
28 0
17 8
25 7
30 2
39 2
3 9
32 4
15 8
13 7
30 3
32 6
20 2
35 4
-1 -1
44 1
9 6
43 7
6 9
43 4
27 8
28 7
11 9
35 8
5 6
31 4
41 7
25 0
19 0
8 7
28 3
0 8
16 7
19 7
2 1
11 5
31 8
25 3
16 0
23 8
32 1
17 1
3 8
41 1
4 9
13 4
-1 -1
33 9
6 0
29 0
18 8
39 9
18 6
38 9
43 8
13 0
34 3
2 9
36 1
12 9
-1 -1
39 0
20 0
12 1
4 0
25 6
30 9
26 0
23 9
29 1
5 1
-1 -1
25 1
31 9
16 1
14 9
