27 1
4 0
-1 -1
18 4
9 6
12 2
25 7
37 5
13 2
1 4
3 8
32 2
18 2
-1 -1
-1 -1
23 1
33 0
-1 -1
8 2
16 5
39 1
22 5
42 6
-1 -1
38 7
6 7
8 8
6 4
34 9
15 4
30 2
22 0
14 4
34 8
36 2
38 6
-1 -1
6 9
39 2
25 2
-1 -1
5 9
20 2
34 1
43 1
24 4
6 8
17 1
19 7
-1 -1
40 5
39 7
12 5
25 9
38 1
37 0
31 7
21 4
17 7
1 8
32 1
31 4
25 6
1 9
3 4
9 0
-1 -1
-1 -1
12 4
3 9
22 6
2 5
8 4
3 0
12 7
33 7
-1 -1
10 5
16 4
21 6
11 5
31 8
32 9
-1 -1
3 7
27 6
2 4
29 8
11 8
12 1
0 2
35 2
23 9
23 7
-1 -1
33 6
14 1
26 9
43 0
-1 -1
5 8
13 6
27 9
42 2
-1 -1
28 9
11 6
14 8
5 4
-1 -1
10 7
-1 -1
4 8
7 1
26 2
30 6
26 0
15 1
15 7
41 7
39 8
24 1
28 5
10 8
43 2
27 5
-1 -1
31 5
22 2
8 7
21 0
34 0
28 0
35 8
28 1
-1 -1
30 8
39 4
8 1
26 8
29 7
42 9
16 8
12 8
35 5
35 1
36 9
44 8
11 7
8 6
37 1
20 4
35 0
7 7
41 2
-1 -1
37 4
41 9
41 8
38 8
24 2
18 1
-1 -1
10 6
42 7
37 2
36 1
-1 -1
18 8
19 0
42 1
-1 -1
21 9
9 7
29 1
10 1
27 8
30 0
-1 -1
22 9
0 6
23 2
37 6
10 2
44 2
2 2
-1 -1
-1 -1
24 9
15 2
29 9
32 8
-1 -1
21 8
31 1
0 8
-1 -1
2 9
6 6
43 7
25 5
6 5
19 2
20 7
4 2
17 0
20 6
-1 -1
24 7
33 1
43 4
1 7
18 5
32 7
11 3
-1 -1
21 1
6 1
9 9
12 0
23 8
4 4
7 4
37 7
35 9
15 8
13 1
0 5
9 8
27 2
-1 -1
32 4
-1 -1
2 8
0 9
-1 -1
25 4
9 2
22 4
-1 -1
26 6
35 6
38 2
25 1
44 9
19 6
26 7
28 6
7 6
7 2
36 5
27 4
26 5
13 7
17 8
43 6
6 2
18 6
22 1
31 6
27 0
-1 -1
31 9
-1 -1
23 6
30 4
8 0
19 9
11 2
-1 -1
13 9
-1 -1
4 1
4 7
-1 -1
1 2
17 4
18 0
19 1
7 0
11 1
28 8
30 1
14 2
5 6
31 2
28 7
33 4
15 6
40 2
0 7
2 7
34 6
30 5
-1 -1
0 4
-1 -1
31 0
1 0
40 8
11 0
37 9
37 8
11 9
29 0
36 8
20 0
23 4
7 3
36 4
13 8
13 4
38 5
-1 -1
-1 -1
40 6
30 7
-1 -1
41 1
7 8
3 6
44 0
17 2
44 7
37 3
33 8
26 4
41 0
4 6
25 8
-1 -1
3 5
5 2
39 6
38 4
24 6
-1 -1
-1 -1
20 8
29 2
39 0
16 1
34 7
10 4
17 6
-1 -1
40 7
5 7
-1 -1
16 7
0 1
33 3
1 1
26 1
35 4
35 7
16 2
28 2
29 6
18 3
7 9
36 6
42 8
33 2
19 8
40 1
15 5
40 4
40 9
5 1
21 2
2 1
-1 -1
43 5
27 7
36 7
14 7
22 7
18 7
42 5
43 8
21 7
44 6
11 4
42 4
20 1
41 6
14 6
1 6
9 1
16 6
32 6
-1 -1
-1 -1
12 6
2 6
44 1
44 4
28 4
34 2
