43 9
34 3
18 3
-1 -1
25 18
15 0
5 12
-1 -1
-1 -1
31 2
44 9
38 6
20 12
-1 -1
18 9
2 8
32 1
36 6
13 12
32 19
-1 -1
22 5
28 12
32 11
41 5
24 17
37 17
23 19
1 11
20 3
4 17
-1 -1
42 0
13 5
15 3
3 3
27 1
18 18
19 19
31 1
6 3
22 9
21 5
-1 -1
30 3
27 14
28 1
-1 -1
37 18
23 12
37 12
24 6
21 3
16 4
25 19
28 3
4 10
18 5
36 3
34 15
29 18
5 3
14 14
-1 -1
42 1
21 11
-1 -1
26 0
19 18
9 19
10 5
14 3
13 3
40 12
5 8
30 2
-1 -1
32 12
27 18
36 0
-1 -1
29 8
42 3
9 3
7 1
7 17
14 5
7 6
36 10
13 1
4 18
44 3
18 1
2 15
25 15
41 2
28 15
-1 -1
10 12
19 3
11 15
24 18
13 18
15 16
27 11
15 1
41 12
30 5
-1 -1
2 3
-1 -1
32 3
27 15
13 11
11 12
26 10
37 1
28 19
40 18
42 18
9 12
30 18
0 19
3 5
44 5
39 1
31 15
33 5
9 8
13 9
14 11
16 15
21 18
33 18
20 15
34 9
31 10
18 14
30 12
-1 -1
37 6
-1 -1
0 10
0 8
7 3
12 18
-1 -1
10 8
35 12
19 12
22 19
5 10
10 1
-1 -1
19 9
11 5
9 5
38 5
42 12
5 6
3 18
35 15
4 3
43 3
37 9
12 6
25 1
29 10
2 9
42 19
40 10
-1 -1
16 12
16 17
16 18
4 6
39 3
13 15
37 5
21 1
1 14
15 12
3 9
29 12
12 12
40 14
24 1
33 8
37 15
-1 -1
38 3
15 4
15 18
11 19
19 6
12 15
23 6
-1 -1
40 15
16 3
33 1
30 10
38 1
16 5
17 6
1 12
35 18
24 4
44 18
0 11
15 5
43 4
42 5
25 3
18 19
31 3
27 6
22 2
-1 -1
5 1
-1 -1
21 19
1 19
5 17
22 18
26 15
43 12
7 11
13 10
4 19
37 10
6 6
6 1
22 1
34 18
11 1
33 12
33 17
20 10
11 18
21 9
18 10
-1 -1
43 6
29 5
21 12
-1 -1
30 11
31 19
29 17
10 11
44 6
33 10
34 12
-1 -1
12 9
36 5
12 1
-1 -1
41 15
9 6
17 17
28 5
11 3
10 3
32 18
41 9
2 12
27 10
21 10
40 1
15 19
31 17
16 9
7 19
3 14
0 1
25 10
18 17
26 3
8 8
39 12
10 19
23 2
1 3
8 3
14 19
2 10
23 15
2 18
16 1
36 9
0 3
-1 -1
29 3
12 3
32 5
-1 -1
-1 -1
34 1
27 3
22 12
-1 -1
6 5
20 5
23 1
3 19
2 1
0 14
15 15
31 18
36 19
9 18
36 18
7 12
14 10
4 2
14 15
39 18
11 6
39 14
36 1
33 3
43 19
34 17
29 1
43 5
3 2
17 15
24 12
9 1
41 10
35 5
15 9
28 9
6 11
14 1
5 5
20 19
34 5
25 12
38 10
41 3
19 1
43 1
35 3
37 11
44 1
-1 -1
16 11
22 3
40 3
3 1
34 6
20 6
35 8
0 12
27 12
7 18
12 5
39 6
11 9
44 19
0 18
1 1
30 1
35 10
36 12
20 1
2 5
6 9
24 5
41 1
27 9
9 11
0 5
44 12
38 18
-1 -1
34 11
17 3
-1 -1
20 9
33 6
26 18
27 5
29 19
39 5
22 15
37 3
35 1
24 3
23 17
41 18
26 19
5 18
28 18
1 5
43 18
12 19
