27 2
18 4
37 9
40 8
32 1
10 6
36 7
36 1
12 9
40 5
30 1
35 8
42 6
30 2
19 2
16 8
38 1
9 9
44 0
14 8
24 4
2 6
20 7
4 4
38 9
28 9
15 0
1 1
4 2
25 0
5 8
1 9
-1 -1
33 1
43 8
13 1
7 2
40 6
13 8
23 9
32 8
19 5
0 1
23 5
-1 -1
19 4
41 1
12 6
39 5
10 1
24 5
42 8
6 6
41 4
43 6
37 7
-1 -1
28 6
33 4
42 4
3 5
9 6
27 1
21 1
41 8
4 1
35 4
23 1
22 8
10 9
0 0
31 4
44 4
16 2
11 2
2 8
38 0
25 5
13 5
16 0
43 2
40 1
25 2
42 2
27 9
3 9
20 8
14 1
9 1
34 0
5 4
10 7
27 6
44 8
23 8
1 0
12 4
0 8
15 1
5 5
24 8
11 0
44 7
20 1
29 9
35 1
3 1
1 4
21 2
21 9
7 6
6 8
25 1
39 2
22 4
12 5
30 9
34 4
13 9
38 2
10 8
28 4
9 2
11 7
2 4
-1 -1
7 4
32 2
27 8
3 8
29 6
30 0
24 0
20 5
5 1
22 7
31 8
6 4
27 7
30 8
21 5
42 1
14 5
39 4
32 6
34 2
5 2
16 7
14 0
33 0
43 1
9 8
29 8
18 2
6 2
36 2
19 1
34 9
6 7
4 8
29 7
21 4
0 9
18 9
28 7
22 0
39 1
31 6
41 9
41 2
7 7
37 4
11 6
4 9
36 6
28 0
13 0
43 0
33 6
15 6
25 9
31 9
22 6
19 8
23 2
36 8
25 7
15 7
44 6
37 6
38 7
16 6
17 7
18 7
13 6
23 6
12 8
22 5
11 9
17 8
